0 0 0
0 0 1
0 1 2
1 0 2
0 0 1
0 0 2
0 1 3
1 0 3
2 4 86
0 4 62
1 4 64
2 0 41
3 4 49
0 3 56
0 3 32
2 0 53
0 3 58
3 3 58
3 3 69
1 2 6
1 4 65
0 0 16
2 4 17
1 1 64
1 4 55
1 0 76
0 3 9
4 3 32
3 3 68
0 2 60
0 1 87
3 2 69
0 4 26
4 0 87
3 1 18
1 2 82
2 0 1
0 2 97
0 0 91
1 0 3
3 0 56
4 1 99
1 4 57
1 2 95
3 0 13
4 3 38
2 2 73
2 3 17
3 4 9
3 1 44
3 4 9
3 4 21
2 1 43
2 3 9
0 0 62
1 0 43
2 2 71
2 1 57
3 4 0
2 1 11
3 0 43
3 1 18
4 4 34
3 1 19
3 4 3
2 2 6
1 0 8
2 0 1
3 4 54
2 4 79
1 0 94
2 1 50
4 4 97
0 0 35
4 4 86
2 1 25
0 0 7
2 3 92
0 3 66
0 1 33
3 4 63
2 0 51
0 3 28
0 1 72
2 4 19
0 0 97
1 4 39
1 1 77
0 4 77
3 1 82
1 0 63
2 1 58
4 0 8
2 4 3
1 1 4
2 4 36
2 2 41
3 0 93
0 3 3
1 2 52
1 2 88
4 0 76
2 0 95
4 3 74
4 3 35
2 4 21
0 4 57
2 0 69
2 1 98
4 1 75
1 0 43
2 1 17
2 1 72
2 3 61
3 2 50
3 3 98
2 1 30
0 2 65
3 3 42
0 2 34
4 2 82
4 1 45
2 3 8
4 2 34
0 2 3
1 1 63
3 4 0
3 1 11
0 4 92
2 0 12
4 4 28
3 3 79
1 3 63
2 3 86
1 3 4
1 0 51
1 1 1
1 4 99
0 4 19
4 2 60
0 1 84
4 3 50
1 0 76
0 0 54
3 4 4
3 1 96
3 4 41
4 3 22
3 1 31
4 2 40
0 2 97
2 0 59
2 4 8
0 0 25
2 4 43
4 2 19
4 1 59
0 0 53
3 0 17
1 3 84
0 0 52
4 0 31
2 4 95
4 4 74
0 1 89
4 0 58
3 0 27
1 2 54
0 2 34
3 0 80
1 4 91
1 2 1
0 4 9
1 1 50
2 3 26
2 3 79
1 2 31
3 2 21
1 2 3
1 4 43
2 4 86
3 4 87
4 1 47
4 1 10
0 4 7
2 0 26
1 4 38
0 4 32
0 3 72
4 2 38
3 0 94
2 4 19
3 0 68
4 4 30
4 3 15
2 2 93
1 3 36
2 2 7
2 4 7
3 3 46
0 3 27
1 3 80
4 1 11
4 2 98
3 3 33
2 0 78
2 0 44
3 2 88
4 0 96
2 4 29
4 2 33
1 2 86
1 0 52
2 1 81
2 4 88
1 3 58
0 3 61
3 4 0
3 3 47
2 2 27
1 2 15
3 4 73
2 0 48
1 0 17
2 1 98
4 2 89
2 3 65
1 1 43
4 1 40
4 4 17
1 3 5
4 1 3
0 0 29
1 0 31
3 0 32
1 3 25
3 3 29
4 4 3
3 2 10
1 1 29
3 1 49
3 1 46
3 4 98
3 4 75
1 4 28
0 2 31
0 0 80
0 1 12
1 4 97
0 3 87
4 0 82
2 4 66
0 3 11
3 1 78
2 2 0
2 1 1
1 1 73
0 0 32
3 3 81
1 3 66
1 0 64
1 1 53
4 0 23
2 1 30
1 3 82
1 1 33
4 0 57
2 3 99
0 3 96
0 1 0
1 4 96
2 2 19
0 4 96
2 0 86
2 3 95
4 4 9
0 0 87
0 2 29
0 2 44
2 4 62
3 3 15
2 4 27
3 0 44
0 2 90
2 4 77
3 4 82
0 3 55
3 2 4
3 4 60
4 2 51
3 3 70
1 2 27
2 4 4
2 4 59
0 0 66
2 2 37
2 2 19
3 1 42
1 1 19
4 0 96
4 1 95
0 0 98
3 1 82
3 0 53
3 0 15
1 4 12
1 0 51
3 1 22
0 1 52
0 3 98
2 4 70
1 3 79
4 4 78
4 4 8
0 3 49
1 3 74
0 0 4
3 4 9
2 0 4
2 0 36
1 4 40
1 4 82
2 0 53
1 0 13
3 3 53
0 4 94
3 4 19
4 0 6
2 1 8
4 3 34
3 2 86
0 4 15
3 2 97
0 2 53
3 1 96
4 2 35
3 2 36
1 1 95
0 4 8
1 2 36
1 2 83
2 1 30
3 2 92
3 3 83
4 4 67
1 1 62
3 2 61
4 1 56
1 4 60
0 1 34
0 1 26
1 1 31
3 2 30
2 1 13
0 4 62
1 2 23
1 4 58
3 0 19
1 3 69
1 2 41
0 3 25
0 2 77
4 1 26
1 4 94
0 2 19
1 4 80
4 2 94
0 4 94
4 0 44
2 2 45
3 4 72
4 1 64
1 3 53
4 4 10
2 1 49
4 3 98
0 3 27
4 3 73
2 0 71
0 3 2
3 0 50
0 0 54
3 2 84
4 1 80
0 2 60
0 2 4
4 0 76
2 3 60
1 1 39
0 4 37
1 2 36
2 1 40
4 0 5
3 2 15
3 4 42
4 3 59
2 1 0
2 3 87
2 2 37
4 0 41
2 1 95
2 2 29
1 0 79
4 4 29
4 4 5
3 1 26
4 0 21
0 4 37
1 3 44
1 0 65
3 1 48
4 1 73
2 0 21
4 1 92
2 1 11
4 1 76
2 2 59
0 4 71
3 2 16
3 2 57
4 2 97
3 1 89
4 3 36
2 0 81
2 1 26
2 0 0
3 2 22
1 1 87
0 3 32
1 3 31
0 0 32
2 2 80
1 1 42
3 4 98
0 4 71
0 1 57
0 4 0
3 2 77
2 3 4
0 1 87
2 3 75
1 0 2
2 1 12
0 4 49
0 3 82
0 4 89
2 4 28
3 0 38
4 4 47
0 2 87
0 2 70
0 1 50
2 1 83
2 3 94
2 4 77
1 3 32
2 1 27
4 4 68
0 0 0
3 3 5
2 4 76
1 2 96
4 4 95
0 0 91
3 2 94
0 2 30
1 2 50
2 3 30
0 1 5
4 4 55
4 3 54
1 0 4
4 2 84
2 4 32
3 0 90
0 4 14
4 1 36
1 3 29
4 2 64
3 0 82
2 4 68
2 4 62
1 0 77
0 0 71
1 4 10
1 0 53
1 0 80
0 3 95
4 1 47
4 2 79
0 3 26
2 2 99
3 0 31
0 0 45
3 0 10
2 0 99
2 3 22
4 4 60
2 0 48
1 1 53
4 3 16
1 1 41
4 3 36
2 2 57
1 0 99
0 4 31
0 2 47
2 0 3
2 1 15
2 0 86
1 1 73
3 4 48
1 0 94
2 3 25
3 1 50
0 3 75
3 3 21
2 1 82
4 2 51
4 1 96
3 2 8
1 1 17
4 0 72
1 2 91
0 2 42
2 1 87
1 4 9
2 0 71
0 2 53
1 1 84
0 3 94
4 1 50
0 3 74
1 1 67
0 0 5
0 2 97
2 4 64
3 4 43
1 2 98
2 0 5
2 0 12
1 3 31
3 0 61
3 4 1
1 3 20
1 1 81
2 3 53
4 0 95
2 1 5
3 1 80
0 1 88
3 3 66
3 0 24
2 2 62
2 3 80
4 0 58
0 4 0
2 0 17
4 4 21
0 0 99
1 0 3
0 2 1
4 2 40
0 0 45
4 3 70
1 2 24
0 3 32
1 4 80
1 2 67
1 4 20
1 3 44
2 2 84
0 3 90
2 0 82
2 0 91
2 0 39
3 1 68
4 4 36
3 3 13
0 4 23
2 0 21
3 2 15
1 0 94
1 1 85
2 2 40
0 0 99
2 4 92
4 1 48
0 1 49
1 4 28
3 1 8
0 4 55
1 0 59
0 0 21
4 0 54
0 2 57
4 3 81
4 1 65
3 0 55
3 0 27
3 1 15
0 3 67
0 0 41
3 4 84
1 3 82
4 1 75
2 0 19
3 4 97
4 1 0
3 4 43
3 2 91
2 3 63
3 3 5
1 3 40
4 2 13
4 3 6
1 1 44
4 3 14
2 4 80
1 2 41
3 1 26
4 2 87
1 2 52
0 3 44
1 4 99
3 0 23
1 3 63
2 2 7
3 3 50
4 3 93
0 4 2
1 2 84
1 4 38
2 4 18
0 0 81
3 2 88
2 0 59
3 1 51
3 2 94
1 4 80
1 2 26
2 3 47
4 4 82
3 1 79
0 0 10
1 2 87
3 4 37
3 2 20
2 0 92
4 3 40
3 4 58
0 3 12
2 4 98
1 1 47
1 2 8
4 2 13
2 4 45
0 3 67
0 3 20
3 3 43
2 3 5
4 4 89
2 2 99
2 3 1
4 0 70
2 1 34
3 4 75
2 4 42
1 4 93
1 2 14
3 1 38
4 1 62
1 4 16
4 4 26
0 4 91
0 4 2
1 0 3
1 1 27
1 1 78
1 4 47
1 3 64
1 1 62
1 4 40
2 2 34
4 0 50
2 1 59
0 0 60
3 3 79
2 4 30
2 4 17
3 3 48
4 3 77
1 1 15
3 2 28
2 2 71
4 2 86
4 0 85
0 4 32
2 1 40
1 0 68
0 3 41
1 3 51
1 4 53
3 2 6
3 4 35
3 2 22
0 0 18
1 4 41
3 1 65
4 0 80
2 2 53
4 4 39
1 3 92
1 0 82
1 1 34
0 2 39
0 3 5
0 4 64
0 3 64
2 4 40
3 0 31
3 0 9
4 3 85
0 3 40
2 4 91
0 1 83
0 1 51
4 3 77
3 2 1
3 0 66
3 4 31
4 3 66
3 3 30
3 0 59
3 4 45
1 2 96
4 2 52
4 1 13
4 0 15
1 3 28
3 3 35
2 4 31
2 2 1
4 4 41
1 3 60
4 4 57
3 0 30
0 4 11
0 0 8
0 0 65
4 1 12
0 0 70
2 4 6
2 3 39
1 2 4
3 4 14
3 4 54
3 3 26
1 3 94
4 0 56
3 1 27
4 0 17
1 2 45
0 1 98
3 0 93
0 2 21
0 3 80
3 4 57
2 0 25
1 0 29
0 0 33
3 4 3
1 4 9
2 1 28
2 0 49
0 4 68
0 4 23
2 4 32
0 0 70
0 2 45
3 2 81
0 1 3
3 3 5
1 2 96
0 0 32
4 2 35
1 0 56
3 4 53
0 0 19
3 4 56
4 2 48
0 4 22
1 1 99
2 3 70
2 1 38
4 1 6
2 2 73
1 4 1
0 3 9
3 3 3
4 2 39
1 3 4
2 4 69
1 2 65
3 4 52
3 4 6
1 4 67
0 0 40
4 3 63
0 4 1
0 4 70
2 1 75
1 3 51
3 2 13
2 3 37
0 4 47
4 0 57
1 0 5
0 0 75
4 1 2
4 0 7
0 4 29
3 2 25
3 4 44
3 1 29
0 3 39
1 3 50
3 3 20
4 3 30
1 3 93
1 2 17
2 2 17
2 0 81
4 2 40
0 0 38
2 3 0
4 1 79
1 2 2
3 0 79
0 2 38
0 2 38
2 4 54
0 0 24
4 4 87
4 4 87
0 1 96
0 4 2
4 2 2
2 3 28
1 4 21
2 1 78
2 3 52
1 2 81
4 1 66
3 1 45
4 3 92
0 4 85
0 0 54
2 2 24
2 0 34
1 2 53
1 1 78
2 1 58
0 2 32
3 2 45
4 0 84
2 0 29
1 1 2
0 3 27
4 4 15
3 4 87
2 0 13
3 4 2
4 2 25
3 4 97
3 1 94
3 1 19
0 2 24
1 0 43
4 3 1
4 2 31
3 3 28
0 0 88
4 4 41
1 2 93
2 2 62
0 3 4
1 0 48
3 3 99
1 4 25
2 2 84
2 1 96
4 3 82
3 3 31
2 3 42
3 1 38
3 1 66
3 1 23
2 4 74
4 3 3
2 3 91
2 4 82
1 1 76
0 3 21
3 0 33
4 2 52
2 2 64
4 3 83
2 2 79
2 4 40
3 3 28
3 1 4
0 3 41
4 2 36
4 4 14
0 3 39
1 1 12
4 2 70
4 4 39
0 2 76
1 1 11
2 4 34
0 2 12
2 0 48
1 0 79
0 3 5
4 0 23
2 1 10
3 1 19
2 3 7
2 1 77
3 3 53
4 0 47
4 0 50
4 0 35
2 2 50
1 2 4
4 0 93
2 2 83
0 3 36
3 4 86
4 0 56
1 1 86
1 4 68
2 1 5
1 3 90
4 3 76
3 3 23
2 3 77
1 0 86
3 3 1
2 0 82
1 2 13
4 0 44
0 4 74
0 0 76
0 3 30
4 2 3
4 3 87
3 2 0
2 1 34
3 2 23
3 0 85
4 1 98
4 1 36
2 0 92
1 0 35
4 1 85
2 3 23
4 3 26
1 1 63
2 0 71
1 4 92
0 1 53
2 2 51
2 3 60
0 4 77
1 2 66
0 1 58
2 3 9
3 0 60
2 0 21
1 3 89
0 0 44
2 3 48
1 1 78
0 4 59
4 1 41
2 3 71
4 3 74
2 4 85
3 3 8
4 4 41
2 1 98
4 3 18
0 1 80
0 1 93
1 1 35
4 1 36
1 4 61
3 1 18
4 2 18
4 3 72
2 4 69
4 0 2
4 2 15
2 2 69
3 2 4
